# Game Level Exporter v1.0
MESH
Barrel
<Matrix 4x4 ( 6.2063, 0.0000,   0.0000,  32.0226)
            ( 0.0000, 6.2063,  -0.0000,  41.3591)
            ( 0.0000, 0.0000,   6.2063, -31.7442)
            (42.6471, 0.3080, -17.4343,   1.0000)>
MESH
Barrel.001
<Matrix 4x4 ( 6.2063, 0.0000,   0.0000,  32.0226)
            ( 0.0000, 6.2063,  -0.0000,  41.3591)
            ( 0.0000, 0.0000,   6.2063, -31.7442)
            (47.1533, 0.3080, -13.8293,   1.0000)>
MESH
Barrel.002
<Matrix 4x4 ( 6.2063, 0.0000,  0.0000,  32.0226)
            ( 0.0000, 6.2063, -0.0000,  41.3591)
            ( 0.0000, 0.0000,  6.2063, -31.7442)
            (47.4537, 0.3080, 11.1048,   1.0000)>
MESH
Barrel.003
<Matrix 4x4 (6.2063, 0.0000,   0.0000,  32.0226)
            (0.0000, 6.2063,  -0.0000,  41.3591)
            (0.0000, 0.0000,   6.2063, -31.7442)
            (8.4002, 0.3080, -17.4343,   1.0000)>
MESH
Barrel.004
<Matrix 4x4 ( 6.2063, 0.0000,  0.0000,  32.0226)
            ( 0.0000, 6.2063, -0.0000,  41.3591)
            ( 0.0000, 0.0000,  6.2063, -31.7442)
            (42.6471, 0.3080, 17.4135,   1.0000)>
MESH
Barrel.005
<Matrix 4x4 (6.1792, 0.0000,  0.0000,  31.7442)
            (0.0000, 6.1792, -0.0000,  40.9995)
            (0.0000, 0.0000,  6.1792, -31.4683)
            (8.7006, 0.3080, 17.4135,   1.0000)>
MESH
Chalice
<Matrix 4x4 ( 4.3552, 0.0000,   0.0000,  9.2123)
            ( 0.0000, 4.3552,  -0.0000, 14.1656)
            ( 0.0000, 0.0000,   4.3552, -9.2124)
            (35.1369, 6.6166, -17.1339,  1.0000)>
MESH
Coin
<Matrix 4x4 ( 1.9595,  0.0000,   0.0000,  2.8286)
            ( 0.0000, -0.0000,  -1.9595,  2.8322)
            ( 0.0000,  1.9595,  -0.0000, -0.6957)
            (30.0299,  6.6166, -15.9322,  1.0000)>
MESH
Coin.001
<Matrix 4x4 ( 1.9595,  0.0000,   0.0000,  2.8286)
            ( 0.0000, -0.0000,  -1.9595,  2.8322)
            ( 0.0000,  1.9595,  -0.0000, -0.6957)
            (30.0299,  6.6166, -18.9363,  1.0000)>
MESH
Coin.002
<Matrix 4x4 ( 1.9595,  0.0000,   0.0000,  2.8286)
            ( 0.0000, -0.0000,  -1.9595,  2.8322)
            ( 0.0000,  1.9595,  -0.0000, -0.6957)
            (27.0257,  6.6166, -17.4343,  1.0000)>
MESH
Coin.003
<Matrix 4x4 ( 1.9595,  0.0000,   0.0000,  2.8286)
            ( 0.0000, -0.0000,  -1.9595,  2.8322)
            ( 0.0000,  1.9595,  -0.0000, -0.6957)
            (28.2274,  6.6166, -18.9363,  1.0000)>
MESH
Coin.004
<Matrix 4x4 ( 1.9595,  0.0000,   0.0000,  2.8286)
            ( 0.0000, -0.0000,  -1.9595,  2.8322)
            ( 0.0000,  1.9595,  -0.0000, -0.6957)
            (27.9270,  6.6166, -15.9322,  1.0000)>
MESH
Coin.005
<Matrix 4x4 ( 1.9595,  0.0000,   0.0000,  2.8286)
            ( 0.0000, -0.0000,  -1.9595,  2.8322)
            ( 0.0000,  1.9595,  -0.0000, -0.6957)
            (29.1286,  6.6166, -17.4343,  1.0000)>
MESH
Coin.006
<Matrix 4x4 ( 1.9595,  0.0000,   0.0000,  2.8286)
            ( 0.0000, -0.0000,  -1.9595,  2.8322)
            ( 0.0000,  1.9595,  -0.0000, -0.6957)
            (25.5237,  6.6166, -17.4343,  1.0000)>
MESH
Coin.007
<Matrix 4x4 ( 1.9595,  0.0000,   0.0000,  2.8286)
            ( 0.0000, -0.0000,  -1.9595,  2.8322)
            ( 0.0000,  1.9595,  -0.0000, -0.6957)
            (23.4208,  6.6166, -17.4343,  1.0000)>
MESH
Coin.008
<Matrix 4x4 ( 1.9595,  0.0000,   0.0000,  2.8286)
            ( 0.0000, -0.0000,  -1.9595,  2.8322)
            ( 0.0000,  1.9595,  -0.0000, -0.6957)
            (22.5196,  6.6166, -15.9322,  1.0000)>
MESH
Coin.009
<Matrix 4x4 ( 1.9595,  0.0000,   0.0000,  2.8286)
            ( 0.0000, -0.0000,  -1.9595,  2.8322)
            ( 0.0000,  1.9595,  -0.0000, -0.6957)
            (22.8200,  6.6166, -18.9363,  1.0000)>
MESH
Coin.010
<Matrix 4x4 ( 1.9595,  0.0000,   0.0000,  2.8286)
            ( 0.0000, -0.0000,  -1.9595,  2.8322)
            ( 0.0000,  1.9595,  -0.0000, -0.6957)
            (21.6183,  6.6166, -17.4343,  1.0000)>
MESH
Coin.011
<Matrix 4x4 ( 1.9595,  0.0000,   0.0000,  2.8286)
            ( 0.0000, -0.0000,  -1.9595,  2.8322)
            ( 0.0000,  1.9595,  -0.0000, -0.6957)
            (24.3220,  6.6166, -18.9363,  1.0000)>
MESH
Coin.012
<Matrix 4x4 ( 1.9595,  0.0000,   0.0000,  2.8286)
            ( 0.0000, -0.0000,  -1.9595,  2.8322)
            ( 0.0000,  1.9595,  -0.0000, -0.6957)
            (24.6224,  6.6166, -15.9322,  1.0000)>
MESH
Coin.013
<Matrix 4x4 ( 1.9595,  0.0000,   0.0000,  2.8286)
            ( 0.0000, -0.0000,  -1.9595,  2.8322)
            ( 0.0000,  1.9595,  -0.0000, -0.6957)
            (30.9311,  6.6166, -17.4343,  1.0000)>
MESH
Crate
<Matrix 4x4 (-0.0000, 0.0000, 22.8486, 430.1493)
            ( 0.0000, 7.9203,  0.0000,  51.6878)
            (-7.7235, 0.0000, -0.0000, -49.1549)
            (47.7541, 0.6084, -1.5124,   1.0000)>
MESH
Crate.001
<Matrix 4x4 (34.1887, 0.0000,   0.0000, 963.0845)
            ( 0.0000, 7.9203,  -0.0000,  51.6878)
            ( 0.0000, 0.0000,   7.7248, -49.1709)
            (25.8156, 0.1157, -17.3187,   1.0000)>
MESH
Crate.002
<Matrix 4x4 (34.1887, 0.0000,  0.0000, 963.0845)
            ( 0.0000, 7.9203, -0.0000,  51.6878)
            ( 0.0000, 0.0000,  7.7248, -49.1709)
            (25.8156, 0.1157, 17.8452,   1.0000)>
MESH
Crown2
<Matrix 4x4 ( 5.9339, 0.0000,   0.0000,  31.2057)
            ( 0.0000, 5.9339,  -0.0000,  20.5983)
            ( 0.0000, 0.0000,   5.9339, -31.2057)
            (16.8117, 7.2175, -17.4343,   1.0000)>
MESH
Crystal1
<Matrix 4x4 (-3.3962, 0.0000,  0.0000,  5.2830)
            ( 0.0000, 0.0000,  3.3962,  8.7239)
            ( 0.0000, 3.3962,  0.0000, -2.9455)
            (15.9105, 6.9170, 18.0143,  1.0000)>
MESH
Crystal1.001
<Matrix 4x4 (-3.3962, 0.0000,  0.0000,  5.2830)
            ( 0.0000, 0.0000,  3.3962,  8.7239)
            ( 0.0000, 3.3962,  0.0000, -2.9455)
            (17.7130, 6.9170, 18.0143,  1.0000)>
MESH
Crystal2
<Matrix 4x4 (-3.3962,  0.0000, -0.0000,  3.7916)
            ( 0.0000,  0.0000, -3.3962, 10.3311)
            ( 0.0000, -3.3962,  0.0000, -3.3401)
            (21.0175,  6.9170, 18.0143,  1.0000)>
MESH
Crystal2.001
<Matrix 4x4 (-3.3962,  0.0000, -0.0000,  3.7916)
            ( 0.0000,  0.0000, -3.3962, 10.3311)
            ( 0.0000, -3.3962,  0.0000, -3.3401)
            (22.2192,  6.9170, 18.0143,  1.0000)>
MESH
Crystal3
<Matrix 4x4 ( 3.3962,  0.0000,  0.0000,  3.7039)
            ( 0.0000,  0.0000,  3.3962,  8.8310)
            ( 0.0000, -3.3962,  0.0000, -3.2670)
            (25.2233,  6.9170, 18.0143,  1.0000)>
MESH
Crystal3.001
<Matrix 4x4 ( 3.3962,  0.0000,  0.0000,  3.7039)
            ( 0.0000,  0.0000,  3.3962,  8.8310)
            ( 0.0000, -3.3962,  0.0000, -3.2670)
            (26.4249,  6.9170, 18.0143,  1.0000)>
MESH
Crystal4
<Matrix 4x4 ( 3.3962, 0.0000,  0.0000,  5.4789)
            ( 0.0000, 3.3962, -0.0000,  5.7791)
            ( 0.0000, 0.0000,  3.3962, -5.5379)
            (29.4290, 7.5179, 18.0143,  1.0000)>
MESH
Crystal4.001
<Matrix 4x4 ( 3.3962, 0.0000,  0.0000,  5.4789)
            ( 0.0000, 3.3962, -0.0000,  5.7791)
            ( 0.0000, 0.0000,  3.3962, -5.5379)
            (31.2315, 7.5179, 18.0143,  1.0000)>
MESH
Crystal5
<Matrix 4x4 ( 3.3962, 0.0000,  0.0000,  7.2568)
            ( 0.0000, 3.3962, -0.0000,  4.9692)
            ( 0.0000, 0.0000,  3.3962, -6.5120)
            (33.6348, 7.2175, 17.7139,  1.0000)>
MESH
Crystal5.001
<Matrix 4x4 ( 3.3962, 0.0000,  0.0000,  7.2568)
            ( 0.0000, 3.3962, -0.0000,  4.9692)
            ( 0.0000, 0.0000,  3.3962, -6.5120)
            (36.0381, 7.2175, 17.7139,  1.0000)>
MESH
Floor_SquareLarge
<Matrix 4x4 (14.5312, 0.0000,   0.0000,  417.7717)
            ( 0.0000, 0.1296,  -0.0000,    0.0018)
            ( 0.0000, 0.0000,  12.4928, -308.9896)
            (11.4043, 0.0076, -12.3273,    1.0000)>
MESH
Floor_SquareLarge.001
<Matrix 4x4 (14.5312, 0.0000,  0.0000,  417.7717)
            ( 0.0000, 0.1296, -0.0000,    0.0018)
            ( 0.0000, 0.0000, 12.4928, -308.9896)
            (39.6430, 0.0076, 12.3065,    1.0000)>
MESH
Floor_SquareLarge.002
<Matrix 4x4 (14.5312, 0.0000,  0.0000,  417.7717)
            ( 0.0000, 0.1296, -0.0000,    0.0018)
            ( 0.0000, 0.0000, 12.4928, -308.9896)
            (11.4043, 0.0076, 12.3065,    1.0000)>
MESH
Floor_SquareLarge.003
<Matrix 4x4 (14.5312, 0.0000,   0.0000,  417.7717)
            ( 0.0000, 0.1296,  -0.0000,    0.0018)
            ( 0.0000, 0.0000,  12.4928, -308.9896)
            (39.6430, 0.0076, -12.3273,    1.0000)>
MESH
Floor_SquareLarge.004
<Matrix 4x4 (14.5312, 0.0000,   0.0000,  417.7717)
            ( 0.0000, 0.1296,  -0.0000,    0.0018)
            ( 0.0000, 0.0000,  12.4928, -308.9896)
            (39.6430, 0.0076, -12.3273,    1.0000)>
MESH
Floor_SquareLarge.005
<Matrix 4x4 (28.0687,  0.0000,  0.0000,  1558.7782)
            ( 0.0000,  0.2504, -0.0000,     0.0068)
            ( 0.0000,  0.0000, 24.1314, -1152.8916)
            (24.9229, 28.6724,  0.8909,     1.0000)>
MESH
Gold_Ingots
<Matrix 4x4 (-0.0000, 0.0000, -4.9257,  17.4701)
            (-0.0000, 4.9257,  0.0000,  10.9592)
            ( 4.9257, 0.0000, -0.0000, -14.7323)
            (48.0546, 6.9170, -1.2120,   1.0000)>
MESH
Rail_Straight
<Matrix 4x4 ( -0.0000,  0.0000,  3.6028,    4.7063)
            (  0.0000, 21.2067,  0.0000,  219.5903)
            (-21.2067,  0.0000, -0.0000, -899.4477)
            ( 23.4208, 13.5261, 20.7180,    1.0000)>
MESH
Rail_Straight.001
<Matrix 4x4 ( -0.0000,  0.0000,   3.6028,    4.7063)
            (  0.0000, 21.2067,   0.0000,  219.5903)
            (-21.2067,  0.0000,  -0.0000, -899.4477)
            ( 23.4208, 13.5261, -19.5371,    1.0000)>
MESH
Skull
<Matrix 4x4 (-0.0000, 0.0000, -7.7239,  26.4635)
            (-0.0000, 7.7239,  0.0000,  27.4799)
            ( 7.7239, 0.0000, -0.0000, -35.5917)
            (47.4537, 6.9170,  4.7962,   1.0000)>
MESH
Skull.001
<Matrix 4x4 (-0.0000, 0.0000, -7.7239,  26.4635)
            (-0.0000, 7.7239,  0.0000,  27.4799)
            ( 7.7239, 0.0000, -0.0000, -35.5917)
            (47.4537, 6.9170, -7.5207,   1.0000)>
MESH
Sword_Golden
<Matrix 4x4 ( 1.5643, -5.8388,  5.4787,  35.5638)
            (-0.1691,  5.5570,  5.9704, 153.2129)
            (-8.0049, -1.2583,  0.9445,  -8.1296)
            (50.1574, 14.0714, -7.6897,   1.0000)>
MESH
Sword_Golden.001
<Matrix 4x4 ( 1.5660,  6.5153,  4.6532,  35.5638)
            (-0.1692,  4.7673, -6.6181, 153.2129)
            (-8.0046,  1.1739,  1.0502,  -8.1296)
            (49.5566, 15.0877,  4.7962,   1.0000)>
MESH
Torch
<Matrix 4x4 ( 4.8498,  0.0000,  0.0000,   6.5452)
            ( 0.0000,  4.8498, -0.0000,  27.5295)
            ( 0.0000,  0.0000,  4.8498, -10.2938)
            (34.2356, 17.7319, 18.9155,   1.0000)>
MESH
Torch.001
<Matrix 4x4 ( 4.8498,  0.0000,  0.0000,   6.5452)
            ( 0.0000,  4.8498, -0.0000,  27.5295)
            ( 0.0000,  0.0000,  4.8498, -10.2938)
            (12.9064, 17.7319, 18.9155,   1.0000)>
MESH
Torch.002
<Matrix 4x4 (-4.8498,  0.0000,  -0.0000,   6.5452)
            (-0.0000,  4.8498,   0.0000,  27.5295)
            ( 0.0000,  0.0000,  -4.8498, -10.2938)
            (12.9064, 17.7319, -17.4343,   1.0000)>
MESH
Torch.003
<Matrix 4x4 (-4.8498,  0.0000,  -0.0000,   6.5452)
            (-0.0000,  4.8498,   0.0000,  27.5295)
            ( 0.0000,  0.0000,  -4.8498, -10.2938)
            (34.2356, 17.7319, -17.4343,   1.0000)>
MESH
Wall_ArchRound
<Matrix 4x4 (-0.0000, 0.0000, 10.6104, 450.7725)
            ( 0.0000, 7.0442,  0.0000, 198.1919)
            (-6.5105, 0.0000, -0.0000, -13.1396)
            (-1.2130, 0.3080,  0.5904,   1.0000)>
MESH
Wall
<Matrix 4x4 (14.3734,  0.0000,  0.0000, 412.8642)
            ( 0.0000, 14.3734, -0.0000, 413.3631)
            ( 0.0000,  0.0000, 14.3734, -59.0746)
            (40.2438,  0.0076, 21.9197,   1.0000)>
MESH
Wall.001
<Matrix 4x4 (14.3734,  0.0000,   0.0000, 412.8642)
            ( 0.0000, 14.3734,  -0.0000, 413.3631)
            ( 0.0000,  0.0000,  14.3734, -59.0746)
            (11.4043,  0.0076, -24.3437,   1.0000)>
MESH
Wall.002
<Matrix 4x4 (-0.0000,  0.0000, -10.7890, 232.6236)
            (-0.0000, 14.3734,   0.0000, 413.3631)
            (14.3734,  0.0000,  -0.0000, -59.0746)
            (51.3591,  0.0076,  -9.6236,   1.0000)>
MESH
Wall.003
<Matrix 4x4 (-0.0000,  0.0000, -10.4733, 219.2064)
            (-0.0000, 14.3734,   0.0000, 413.3631)
            (14.3734,  0.0000,  -0.0000, -59.0746)
            (51.3591,  0.0076,  11.4053,   1.0000)>
MESH
Wall.004
<Matrix 4x4 (14.3734,  0.0000,   0.0000, 412.8642)
            ( 0.0000, 14.3734,  -0.0000, 413.3631)
            ( 0.0000,  0.0000,  14.3734, -59.0746)
            (40.0120,  0.0076, -24.3437,   1.0000)>
MESH
Wall.005
<Matrix 4x4 (14.3734,  0.0000,  0.0000, 412.8642)
            ( 0.0000, 14.3734, -0.0000, 413.3631)
            ( 0.0000,  0.0000, 14.3734, -59.0746)
            (11.4043,  0.0076, 22.2201,   1.0000)>
CAMERA
Camera
<Matrix 4x4 ( -0.0308, -0.0008, -0.2988, 0.0000)
            (  0.0419,  0.2974, -0.0051, 0.0000)
            (  0.2959, -0.0422, -0.0304, 0.0000)
            (-30.9854,  6.2576, -6.3190, 1.0000)>
LIGHT
Point
<Matrix 4x4 (40.0000,  0.0000,   0.0000, 0.0000)
            ( 1.0000,  0.3015,   0.0000, 0.0000)
            ( 0.0000, -1.0000,   0.0000, 0.0000)
            (13.0114, 22.2100, -17.3444, 1.0000)>
LIGHT
Point.001
<Matrix 4x4 (40.0000,  0.0000,   0.0000, 0.0000)
            ( 1.0000,  0.3015,   0.0000, 0.0000)
            ( 0.0000, -1.0000,   0.0000, 0.0000)
            (34.2974, 22.2186, -17.3557, 1.0000)>
LIGHT
Point.002
<Matrix 4x4 (40.0000,  0.0000,  0.0000, 0.0000)
            ( 1.0000,  0.3015,  0.0000, 0.0000)
            ( 0.0000, -1.0000,  0.0000, 0.0000)
            (34.1940, 22.2186, 18.9389, 1.0000)>
LIGHT
Point.003
<Matrix 4x4 (40.0000,  0.0000,  0.0000, 0.0000)
            ( 1.0000,  0.3015,  0.0000, 0.0000)
            ( 0.0000, -1.0000,  0.0000, 0.0000)
            (12.8838, 22.2186, 18.9389, 1.0000)>
