# Game Level Exporter v1.0
MESH
Street_Straight
<Matrix 4x4 (3.6203, 0.0000,  0.0000, 26.2126)
            (0.0000, 1.1666, -0.0000,  0.3403)
            (0.0000, 0.0000,  1.1666, -2.7221)
            (4.7297, 0.4472, -1.2560,  1.0000)>
MESH
Street_3Way_2
<Matrix 4x4 (1.1024, 0.0000,  0.0000,  2.4304)
            (0.0000, 1.1666, -0.0000,  0.3403)
            (0.0000, 0.0000,  1.1666, -2.7222)
            (9.5007, 0.4472, -1.2560,  1.0000)>
MESH
Street_Straight.001
<Matrix 4x4 (-0.0132, 0.0000, -3.6202, 26.2126)
            (-0.0000, 1.1666,  0.0000,  0.3403)
            ( 1.1666, 0.0000, -0.0043, -2.7221)
            ( 9.5133, 0.4472,  3.5532,  1.0000)>
MESH
Street_Straight.002
<Matrix 4x4 (-0.0132, 0.0000, -3.6202, 26.2126)
            (-0.0000, 1.1666,  0.0000,  0.3403)
            ( 1.1666, 0.0000, -0.0043, -2.7221)
            ( 9.4897, 0.4472, -6.0826,  1.0000)>
MESH
Street_Straight.003
<Matrix 4x4 (-0.0132, 0.0000,  -3.6202, 26.2126)
            (-0.0000, 1.1666,   0.0000,  0.3403)
            ( 1.1666, 0.0000,  -0.0043, -2.7221)
            ( 9.4897, 0.4472, -13.3579,  1.0000)>
MESH
Street_Straight.004
<Matrix 4x4 (-0.0132, 0.0000, -3.6202, 26.2126)
            (-0.0000, 1.1666,  0.0000,  0.3403)
            ( 1.1666, 0.0000, -0.0043, -2.7221)
            ( 9.5133, 0.4472, 10.8230,  1.0000)>
MESH
Street_Empty
<Matrix 4x4 (3.6331, 0.0000,  0.0000,   26.3987)
            (0.0000, 1.1666, -0.0000,    0.3403)
            (0.0000, 0.0000,  7.1836, -103.2076)
            (4.6932, 0.4472,  7.1798,    1.0000)>
MESH
Street_Empty.001
<Matrix 4x4 (-3.6331, 0.0000,  0.0000,   26.3987)
            ( 0.0000, 1.1666,  0.0000,    0.3403)
            (-0.0000, 0.0000, -7.1883, -103.3422)
            ( 4.6932, 0.4472, -9.6802,    1.0000)>
MESH
Street_Straight.005
<Matrix 4x4 (3.6203, 0.0000,  0.0000, 26.2126)
            (0.0000, 1.1666, -0.0000,  0.3403)
            (0.0000, 0.0000,  1.1666, -2.7221)
            (4.7297, 0.4472, 15.6354,  1.0000)>
MESH
Street_Straight.006
<Matrix 4x4 (3.6203, 0.0000,   0.0000, 26.2126)
            (0.0000, 1.1666,  -0.0000,  0.3403)
            (0.0000, 0.0000,   1.1666, -2.7221)
            (4.6553, 0.4472, -18.1473,  1.0000)>
MESH
Street_Straight.007
<Matrix 4x4 (-3.6203, 0.0000,  0.0005, 26.2126)
            ( 0.0000, 1.1666,  0.0000,  0.3403)
            (-0.0002, 0.0000, -1.1666, -2.7221)
            (-2.5489, 0.4472, 15.6249,  1.0000)>
MESH
Street_Straight.008
<Matrix 4x4 (-3.6203, 0.0000,   0.0005, 26.2126)
            ( 0.0000, 1.1666,   0.0000,  0.3403)
            (-0.0002, 0.0000,  -1.1666, -2.7221)
            (-2.6284, 0.4472, -18.1577,  1.0000)>
MESH
Street_Straight.009
<Matrix 4x4 ( 0.0137, 0.0000,   3.6202, 26.2126)
            ( 0.0000, 1.1666,  -0.0000,  0.3403)
            (-1.1666, 0.0000,   0.0044, -2.7221)
            (-7.4112, 0.4472, -13.3447,  1.0000)>
MESH
Street_Straight.010
<Matrix 4x4 ( 0.0137, 0.0000,  3.6202, 26.2126)
            ( 0.0000, 1.1666, -0.0000,  0.3403)
            (-1.1666, 0.0000,  0.0044, -2.7221)
            (-7.3840, 0.4472, 10.8362,  1.0000)>
MESH
Street_Straight.011
<Matrix 4x4 ( 0.0137, 0.0000,  3.6202, 26.2126)
            ( 0.0000, 1.1666, -0.0000,  0.3403)
            (-1.1666, 0.0000,  0.0044, -2.7221)
            (-7.3851, 0.4472,  3.5609,  1.0000)>
MESH
Street_Straight.012
<Matrix 4x4 ( 0.0137, 0.0000,  3.6202, 26.2126)
            ( 0.0000, 1.1666, -0.0000,  0.3403)
            (-1.1666, 0.0000,  0.0044, -2.7221)
            (-7.4101, 0.4472, -6.0749,  1.0000)>
MESH
Street_Straight.013
<Matrix 4x4 (-3.6576, 0.0000,  0.0006, 26.7560)
            ( 0.0000, 1.1666,  0.0000,  0.3403)
            (-0.0002, 0.0000, -1.1666, -2.7221)
            (-2.5983, 0.4472, -1.2664,  1.0000)>
MESH
Street_Empty.002
<Matrix 4x4 (-3.6331, 0.0000,  0.0005,   26.3987)
            ( 0.0000, 1.1666,  0.0000,    0.3403)
            (-0.0011, 0.0000, -7.1883, -103.3422)
            (-2.5881, 0.4472,  7.1579,    1.0000)>
MESH
Street_Empty.003
<Matrix 4x4 (-3.6331, 0.0000,  0.0005,   26.3987)
            ( 0.0000, 1.1666,  0.0000,    0.3403)
            (-0.0011, 0.0000, -7.1836, -103.2076)
            (-2.5907, 0.4472, -9.7022,    1.0000)>
MESH
Street_3Way_2.001
<Matrix 4x4 (-1.1024, 0.0000,  0.0002,  2.4304)
            ( 0.0000, 1.1666,  0.0000,  0.3403)
            (-0.0002, 0.0000, -1.1666, -2.7222)
            (-7.4035, 0.4472, -1.2657,  1.0000)>
MESH
Cop.001
<Matrix 4x4 (-0.0000, 0.0000, -0.1841,  0.0602)
            (-0.0000, 0.1841,  0.0000,  0.0420)
            ( 0.1841, 0.0000, -0.0000, -0.1264)
            ( 1.5180, 0.5691, -1.4754,  1.0000)>
MESH
Cop.002
<Matrix 4x4 ( 0.0000, 0.0000,  -0.1841,  0.0602)
            (-0.0000, 0.1841,  -0.0000,  0.0420)
            ( 0.1841, 0.0000,   0.0000, -0.1264)
            ( 1.5180, 0.5691, -17.9375,  1.0000)>
MESH
SportsCar2
<Matrix 4x4 (0.1841, 0.0000,  0.0000,  0.0634)
            (0.0000, 0.1841, -0.0000,  0.0408)
            (0.0000, 0.0000,  0.1841, -0.1331)
            (9.2918, 0.5615, -5.0936,  1.0000)>
MESH
SportsCar2.001
<Matrix 4x4 (-0.1841, 0.0000, -0.0000,  0.0634)
            (-0.0000, 0.1841,  0.0000,  0.0408)
            ( 0.0000, 0.0000, -0.1841, -0.1331)
            (-7.1721, 0.5615,  8.6157,  1.0000)>
MESH
SportsCar
<Matrix 4x4 ( 0.0000, 0.0000, -0.1841,  0.0612)
            (-0.0000, 0.1841, -0.0000,  0.0392)
            ( 0.1841, 0.0000,  0.0000, -0.1345)
            ( 0.6286, 0.5691, -1.4784,  1.0000)>
MESH
Taxi
<Matrix 4x4 (0.1755, -0.0557,  0.0000,  0.0613)
            (0.0557,  0.1755, -0.0000,  0.0444)
            (0.0000,  0.0000,  0.1841, -0.1430)
            (9.1077,  0.6042,  2.5674,  1.0000)>
MESH
SportsCar.001
<Matrix 4x4 (0.1841, 0.0000,  0.0000,  0.0612)
            (0.0000, 0.1841, -0.0000,  0.0392)
            (0.0000, 0.0000,  0.1841, -0.1345)
            (9.3012, 0.5691,  3.8024,  1.0000)>
MESH
SportsCar2.002
<Matrix 4x4 (0.1841, 0.0000,  0.0000,  0.0634)
            (0.0000, 0.1841, -0.0000,  0.0408)
            (0.0000, 0.0000,  0.1841, -0.1331)
            (9.3065, 0.5615,  4.6156,  1.0000)>
MESH
SUV
<Matrix 4x4 (0.1600, 0.0000,  0.0000,  0.0540)
            (0.0000, 0.1600, -0.0000,  0.0391)
            (0.0000, 0.0000,  0.1600, -0.1077)
            (9.3108, 0.5663,  5.3321,  1.0000)>
MESH
Cop.003
<Matrix 4x4 (-0.0000, 0.0000, -0.1841,  0.0602)
            (-0.0000, 0.1841,  0.0000,  0.0420)
            ( 0.1841, 0.0000, -0.0000, -0.1264)
            ( 2.2875, 0.5691, -1.4754,  1.0000)>
MESH
Cop.004
<Matrix 4x4 ( 0.1841, 0.0000,  0.0000,  0.0602)
            ( 0.0000, 0.1841, -0.0000,  0.0420)
            ( 0.0000, 0.0000,  0.1841, -0.1264)
            (-6.5188, 0.5691, -1.2745,  1.0000)>
MESH
Streetlight_Double.030
<Matrix 4x4 (0.9141, 0.0000,  0.0000,  0.1100)
            (0.0000, 0.9141, -0.0000,  0.9193)
            (0.0000, 0.0000,  0.9141, -0.2638)
            (8.7872, 0.6229, -0.6607,  1.0000)>
MESH
Streetlight_Double.001
<Matrix 4x4 (0.9141, 0.0000,  0.0000,  0.1100)
            (0.0000, 0.9141, -0.0000,  0.9193)
            (0.0000, 0.0000,  0.9141, -0.2638)
            (8.7872, 0.6229, -1.9420,  1.0000)>
MESH
Streetlight_Double.002
<Matrix 4x4 ( 0.9141, 0.0000,  0.0000,  0.1100)
            ( 0.0000, 0.9141, -0.0000,  0.9193)
            ( 0.0000, 0.0000,  0.9141, -0.2638)
            (-6.8475, 0.6229, -1.9420,  1.0000)>
MESH
Streetlight_Double.003
<Matrix 4x4 ( 0.9141, 0.0000,  0.0000,  0.1100)
            ( 0.0000, 0.9141, -0.0000,  0.9193)
            ( 0.0000, 0.0000,  0.9141, -0.2638)
            (-6.8475, 0.6229, -0.4496,  1.0000)>
MESH
Streetlight_Double.004
<Matrix 4x4 ( 0.9141, 0.0000,  0.0000,  0.1100)
            ( 0.0000, 0.9141, -0.0000,  0.9193)
            ( 0.0000, 0.0000,  0.9141, -0.2638)
            (-6.5673, 0.6259, 14.8925,  1.0000)>
MESH
Streetlight_Double.005
<Matrix 4x4 (0.9141, 0.0000,  0.0000,  0.1100)
            (0.0000, 0.9141, -0.0000,  0.9193)
            (0.0000, 0.0000,  0.9141, -0.2638)
            (8.6909, 0.6259, 14.8397,  1.0000)>
MESH
Streetlight_Double.006
<Matrix 4x4 (0.9141, 0.0000,   0.0000,  0.1100)
            (0.0000, 0.9141,  -0.0000,  0.9193)
            (0.0000, 0.0000,   0.9141, -0.2638)
            (8.6909, 0.6259, -17.3689,  1.0000)>
MESH
Streetlight_Double.007
<Matrix 4x4 ( 0.9141, 0.0000,   0.0000,  0.1100)
            ( 0.0000, 0.9141,  -0.0000,  0.9193)
            ( 0.0000, 0.0000,   0.9141, -0.2638)
            (-6.5773, 0.6259, -17.3689,  1.0000)>
MESH
6Story_Stack_Mat.001
<Matrix 4x4 ( 0.0000, 0.0000, -0.4570,  0.4509)
            (-0.0000, 0.4570, -0.0000,  1.6299)
            ( 0.4570, 0.0000,  0.0000, -0.5219)
            (-5.7945, 0.6288, -2.9632,  1.0000)>
MESH
6Story_Stack_Mat.002
<Matrix 4x4 ( 0.0000, 0.0000, -0.4570,  0.4509)
            (-0.0000, 0.4570, -0.0000,  1.6299)
            ( 0.4570, 0.0000,  0.0000, -0.5219)
            (-5.7945, 0.6288, -3.9903,  1.0000)>
MESH
6Story_Stack_Mat.003
<Matrix 4x4 ( 0.0000, 0.0000, -0.4570,  0.4509)
            (-0.0000, 0.4570, -0.0000,  1.6299)
            ( 0.4570, 0.0000,  0.0000, -0.5219)
            (-5.7945, 0.6288, -5.0039,  1.0000)>
MESH
4Story_Wide_2Doors_Roof_Mat.001
<Matrix 4x4 ( 0.0000, 0.0000, -0.4570,  1.4262)
            (-0.0000, 0.4570, -0.0000,  1.1871)
            ( 0.4570, 0.0000,  0.0000, -0.5632)
            (-5.7945, 0.6326,  7.2338,  1.0000)>
MESH
4Story_Mat.001
<Matrix 4x4 ( 0.0000, 0.0000, -0.4570,  0.5057)
            (-0.0000, 0.4570, -0.0000,  1.0636)
            ( 0.4570, 0.0000,  0.0000, -0.5289)
            (-5.7945, 0.6224,  0.8932,  1.0000)>
MESH
4Story_Mat.002
<Matrix 4x4 ( 0.0000, 0.0000, -0.4570,  0.5057)
            (-0.0000, 0.4570, -0.0000,  1.0636)
            ( 0.4570, 0.0000,  0.0000, -0.5289)
            (-5.7945, 0.6224,  3.4889,  1.0000)>
MESH
4Story_Mat.003
<Matrix 4x4 ( 0.0000, 0.0000,  -0.4570,  0.5057)
            (-0.0000, 0.4570,  -0.0000,  1.0636)
            ( 0.4570, 0.0000,   0.0000, -0.5289)
            (-5.7945, 0.6224, -15.1435,  1.0000)>
MESH
3Story_Balcony_Mat.001
<Matrix 4x4 ( 0.0000, 0.0000, -0.4570,  0.4509)
            (-0.0000, 0.4570, -0.0000,  0.8799)
            ( 0.4570, 0.0000,  0.0000, -0.5238)
            (-5.7945, 0.6171, -7.4656,  1.0000)>
MESH
3Story_Balcony_Mat.002
<Matrix 4x4 ( 0.0000, 0.0000, -0.4570,  0.4509)
            (-0.0000, 0.4570, -0.0000,  0.8799)
            ( 0.4570, 0.0000,  0.0000, -0.5238)
            (-5.7945, 0.6171, -6.4187,  1.0000)>
MESH
3Story_Balcony_Mat.003
<Matrix 4x4 ( 0.0000, 0.0000, -0.4570,  0.4509)
            (-0.0000, 0.4570, -0.0000,  0.8799)
            ( 0.4570, 0.0000,  0.0000, -0.5238)
            (-5.7945, 0.6171,  2.1067,  1.0000)>
MESH
1Story_Sign_Mat.001
<Matrix 4x4 (-0.0000, 0.0000,  0.4570,  0.4500)
            ( 0.0000, 0.4570,  0.0000,  0.3747)
            (-0.4570, 0.0000, -0.0000, -0.4500)
            ( 8.1449, 0.6246, -2.9319,  1.0000)>
MESH
1Story_Sign_Mat.002
<Matrix 4x4 (-0.0000, 0.0000,  0.4570,  0.4500)
            ( 0.0000, 0.4570,  0.0000,  0.3747)
            (-0.4570, 0.0000, -0.0000, -0.4500)
            ( 8.1449, 0.6246, -3.9620,  1.0000)>
MESH
1Story_Sign_Mat.003
<Matrix 4x4 (-0.0000, 0.0000,  0.4570,  0.4500)
            ( 0.0000, 0.4570,  0.0000,  0.3747)
            (-0.4570, 0.0000, -0.0000, -0.4500)
            ( 8.1449, 0.6246, -6.0283,  1.0000)>
MESH
1Story_Sign_Mat.004
<Matrix 4x4 (-0.0000, 0.0000,  0.4570,  0.4500)
            ( 0.0000, 0.4570,  0.0000,  0.3747)
            (-0.4570, 0.0000, -0.0000, -0.4500)
            ( 8.1449, 0.6246, -4.9982,  1.0000)>
MESH
1Story_Sign_Mat.005
<Matrix 4x4 (-0.0000, 0.0000,  0.4570,  0.4500)
            ( 0.0000, 0.4570,  0.0000,  0.3747)
            (-0.4570, 0.0000, -0.0000, -0.4500)
            ( 8.1449, 0.6246, -9.1181,  1.0000)>
MESH
1Story_Sign_Mat.006
<Matrix 4x4 (-0.0000, 0.0000,   0.4570,  0.4500)
            ( 0.0000, 0.4570,   0.0000,  0.3747)
            (-0.4570, 0.0000,  -0.0000, -0.4500)
            ( 8.1449, 0.6246, -10.1481,  1.0000)>
MESH
1Story_Sign_Mat.007
<Matrix 4x4 (-0.0000, 0.0000,  0.4570,  0.4500)
            ( 0.0000, 0.4570,  0.0000,  0.3747)
            (-0.4570, 0.0000, -0.0000, -0.4500)
            ( 8.1449, 0.6246, -8.0818,  1.0000)>
MESH
1Story_Sign_Mat.008
<Matrix 4x4 (-0.0000, 0.0000,  0.4570,  0.4500)
            ( 0.0000, 0.4570,  0.0000,  0.3747)
            (-0.4570, 0.0000, -0.0000, -0.4500)
            ( 8.1449, 0.6246, -7.0518,  1.0000)>
MESH
1Story_Sign_Mat.009
<Matrix 4x4 (-0.0000, 0.0000,   0.4570,  0.4500)
            ( 0.0000, 0.4570,   0.0000,  0.3747)
            (-0.4570, 0.0000,  -0.0000, -0.4500)
            ( 8.1449, 0.6246, -15.3002,  1.0000)>
MESH
1Story_Sign_Mat.010
<Matrix 4x4 (-0.0000, 0.0000,   0.4570,  0.4500)
            ( 0.0000, 0.4570,   0.0000,  0.3747)
            (-0.4570, 0.0000,  -0.0000, -0.4500)
            ( 8.1449, 0.6246, -16.3302,  1.0000)>
MESH
1Story_Sign_Mat.013
<Matrix 4x4 (-0.0000, 0.0000,   0.4570,  0.4500)
            ( 0.0000, 0.4570,   0.0000,  0.3747)
            (-0.4570, 0.0000,  -0.0000, -0.4500)
            ( 8.1449, 0.6246, -13.2467,  1.0000)>
MESH
1Story_Sign_Mat.014
<Matrix 4x4 (-0.0000, 0.0000,   0.4570,  0.4500)
            ( 0.0000, 0.4570,   0.0000,  0.3747)
            (-0.4570, 0.0000,  -0.0000, -0.4500)
            ( 8.1449, 0.6246, -14.2767,  1.0000)>
MESH
1Story_Sign_Mat.015
<Matrix 4x4 (-0.0000, 0.0000,   0.4570,  0.4500)
            ( 0.0000, 0.4570,   0.0000,  0.3747)
            (-0.4570, 0.0000,  -0.0000, -0.4500)
            ( 8.1449, 0.6246, -12.2104,  1.0000)>
MESH
1Story_Sign_Mat.016
<Matrix 4x4 (-0.0000, 0.0000,   0.4570,  0.4500)
            ( 0.0000, 0.4570,   0.0000,  0.3747)
            (-0.4570, 0.0000,  -0.0000, -0.4500)
            ( 8.1449, 0.6246, -11.1804,  1.0000)>
MESH
2Story_2_Mat.001
<Matrix 4x4 ( 0.0000, 0.0000, -0.4570,  0.4509)
            (-0.0000, 0.4570, -0.0000,  0.5770)
            ( 0.4570, 0.0000,  0.0000, -0.4543)
            (-5.7945, 0.7021,  4.8131,  1.0000)>
MESH
2Story_Columns_Mat.001
<Matrix 4x4 ( 0.0000, 0.0000, -0.4570,  0.4509)
            (-0.0000, 0.4570, -0.0000,  0.5783)
            ( 0.4570, 0.0000,  0.0000, -0.5198)
            (-5.7945, 0.6297,  9.6597,  1.0000)>
MESH
4Story_Mat.004
<Matrix 4x4 ( 0.0000, 0.0000, -0.4570,  0.5057)
            (-0.0000, 0.4570, -0.0000,  1.0636)
            ( 0.4570, 0.0000,  0.0000, -0.5289)
            (-5.7945, 0.6224, 11.1019,  1.0000)>
MESH
6Story_Stack_Mat.004
<Matrix 4x4 ( 0.0000, 0.0000, -0.4570,  0.4509)
            (-0.0000, 0.4570, -0.0000,  1.6299)
            ( 0.4570, 0.0000,  0.0000, -0.5219)
            (-5.7945, 0.6288, 12.4157,  1.0000)>
MESH
2Story_Columns_Mat.002
<Matrix 4x4 ( 0.0000, 0.0000, -0.4570,  0.4509)
            (-0.0000, 0.4570, -0.0000,  0.5783)
            ( 0.4570, 0.0000,  0.0000, -0.5198)
            (-5.7945, 0.6297, 13.6823,  1.0000)>
MESH
Building1_Large
<Matrix 4x4 ( 0.0000, 0.0000,  -0.4570,  1.6692)
            (-0.0000, 0.4570,  -0.0000,  0.9757)
            ( 0.4570, 0.0000,   0.0000, -0.5731)
            (-5.6692, 0.6215, -11.7362,  1.0000)>
MESH
Building3_Small
<Matrix 4x4 ( 0.0000, 0.0000, -0.2285,  0.1594)
            (-0.0000, 0.2285, -0.0000,  0.2965)
            ( 0.2285, 0.0000,  0.0000, -0.2296)
            (-5.7564, 0.6267, -8.9619,  1.0000)>
MESH
Building3_Big
<Matrix 4x4 (-0.4570, 0.0000, -0.0000,  0.9828)
            (-0.0000, 0.4570,  0.0000,  1.1859)
            ( 0.0000, 0.0000, -0.4570, -0.9171)
            ( 1.0601, 0.6345, 13.3659,  1.0000)>
MESH
6Story_Stack_Mat.005
<Matrix 4x4 (-0.4570, 0.0000, -0.0000,  0.4509)
            (-0.0000, 0.4570,  0.0000,  1.6299)
            ( 0.0000, 0.0000, -0.4570, -0.5219)
            ( 7.2871, 0.6288, 13.7057,  1.0000)>
MESH
6Story_Stack_Mat.006
<Matrix 4x4 (-0.4570, 0.0000, -0.0000,  0.4509)
            (-0.0000, 0.4570,  0.0000,  1.6299)
            ( 0.0000, 0.0000, -0.4570, -0.5219)
            (-4.5859, 0.6288, 13.7057,  1.0000)>
MESH
Building2_Large
<Matrix 4x4 ( 0.4570, 0.0000,  0.0000,  1.1940)
            ( 0.0000, 0.4570, -0.0000,  1.2360)
            ( 0.0000, 0.0000,  0.4570, -0.4636)
            (-2.1216, 0.6445, 13.8419,  1.0000)>
MESH
4Story_Wide_2Doors_Roof_Mat.002
<Matrix 4x4 (-0.4570, 0.0000, -0.0000,  1.4262)
            (-0.0000, 0.4570,  0.0000,  1.1871)
            ( 0.0000, 0.0000, -0.4570, -0.5632)
            ( 4.3701, 0.6326, 13.6407,  1.0000)>
MESH
2Story_Columns_Mat.003
<Matrix 4x4 (-0.0000, 0.0000,  0.4570,  0.4509)
            ( 0.0000, 0.4570,  0.0000,  0.5783)
            (-0.4570, 0.0000, -0.0000, -0.5198)
            ( 8.1449, 0.6021,  2.5862,  1.0000)>
MESH
2Story_Columns_Mat.004
<Matrix 4x4 (-0.0000, 0.0000,  0.4570,  0.4509)
            ( 0.0000, 0.4570,  0.0000,  0.5783)
            (-0.4570, 0.0000, -0.0000, -0.5198)
            ( 8.1449, 0.6021, 12.4284,  1.0000)>
MESH
2Story_2_Mat.002
<Matrix 4x4 (-0.0000, 0.0000,  0.4570,  0.4509)
            ( 0.0000, 0.4570,  0.0000,  0.5770)
            (-0.4570, 0.0000, -0.0000, -0.4543)
            ( 8.1449, 0.6383,  4.0422,  1.0000)>
MESH
1Story_Sign_Mat.011
<Matrix 4x4 (-0.0000, 0.0000,  0.4570,  0.4500)
            ( 0.0000, 0.4570,  0.0000,  0.3747)
            (-0.4570, 0.0000, -0.0000, -0.4500)
            ( 8.1449, 0.6246,  5.3753,  1.0000)>
MESH
4Story_Mat.005
<Matrix 4x4 (-0.0000, 0.0000,  0.4570,  0.5057)
            ( 0.0000, 0.4570,  0.0000,  1.0636)
            (-0.4570, 0.0000, -0.0000, -0.5289)
            ( 8.1449, 0.6224,  0.8242,  1.0000)>
MESH
1Story_Sign_Mat.012
<Matrix 4x4 (-0.0000, 0.0000,  0.4570,  0.4500)
            ( 0.0000, 0.4570,  0.0000,  0.3747)
            (-0.4570, 0.0000, -0.0000, -0.4500)
            ( 8.1449, 0.6246,  6.7010,  1.0000)>
MESH
1Story_Sign_Mat.017
<Matrix 4x4 (-0.0000, 0.0000,  0.4570,  0.4500)
            ( 0.0000, 0.4570,  0.0000,  0.3747)
            (-0.4570, 0.0000, -0.0000, -0.4500)
            ( 8.1449, 0.6246,  7.9630,  1.0000)>
MESH
6Story_Stack_Mat.007
<Matrix 4x4 (-0.0000, 0.0000,  0.4570,  0.4509)
            ( 0.0000, 0.4570,  0.0000,  1.6299)
            (-0.4570, 0.0000, -0.0000, -0.5219)
            ( 8.1449, 0.6288, 10.9409,  1.0000)>
MESH
2Story_Columns_Mat.005
<Matrix 4x4 (-0.0000, 0.0000,  0.4570,  0.4509)
            ( 0.0000, 0.4570,  0.0000,  0.5783)
            (-0.4570, 0.0000, -0.0000, -0.5198)
            ( 8.1449, 0.6021,  9.4478,  1.0000)>
MESH
6Story_Stack_Mat.008
<Matrix 4x4 ( 0.4570, 0.0000,   0.0000,  0.4509)
            ( 0.0000, 0.4570,  -0.0000,  1.6299)
            (-0.0000, 0.0000,   0.4570, -0.5219)
            ( 6.9451, 0.6288, -16.4943,  1.0000)>
MESH
House1
<Matrix 4x4 (0.4570, 0.0000,   0.0000,  0.5341)
            (0.0000, 0.4570,  -0.0000,  0.6641)
            (0.0000, 0.0000,   0.4570, -0.8083)
            (3.5669, 0.6229, -16.2598,  1.0000)>
MESH
House2
<Matrix 4x4 (0.4570, 0.0000,   0.0000,  0.7611)
            (0.0000, 0.4570,  -0.0000,  0.6112)
            (0.0000, 0.0000,   0.4570, -0.6442)
            (5.3320, 0.7334, -16.3423,  1.0000)>
MESH
House1.001
<Matrix 4x4 (0.4570, 0.0000,   0.0000,  0.5341)
            (0.0000, 0.4570,  -0.0000,  0.6641)
            (0.0000, 0.0000,   0.4570, -0.8083)
            (2.2343, 0.6229, -16.2598,  1.0000)>
MESH
Building4
<Matrix 4x4 (0.4570, 0.0000,   0.0000,  0.9700)
            (0.0000, 0.4570,  -0.0000,  1.1460)
            (0.0000, 0.0000,   0.4570, -0.8054)
            (0.1749, 0.6441, -16.4752,  1.0000)>
MESH
4Story_Wide_2Doors_Roof_Mat.003
<Matrix 4x4 ( 0.4570, 0.0000,   0.0000,  1.4262)
            ( 0.0000, 0.4570,  -0.0000,  1.1871)
            ( 0.0000, 0.0000,   0.4570, -0.5632)
            (-2.9878, 0.6326, -16.6331,  1.0000)>
MESH
Building2_Large.001
<Matrix 4x4 ( 0.4570, 0.0000,  0.0000,  1.1940)
            ( 0.0000, 0.4570, -0.0000,  1.2360)
            ( 0.0000, 0.0000,  0.4570, -0.4636)
            (-3.3508, 0.6445, -2.8706,  1.0000)>
MESH
4Story_Wide_2Doors_Roof_Mat.004
<Matrix 4x4 (-0.4570, 0.0000, -0.0000,  1.4262)
            (-0.0000, 0.4570,  0.0000,  1.1871)
            ( 0.0000, 0.0000, -0.4570, -0.5632)
            ( 5.3554, 0.6326, -2.9437,  1.0000)>
MESH
House1.002
<Matrix 4x4 (-0.4570, 0.0000, -0.0000,  0.5341)
            (-0.0000, 0.4570,  0.0000,  0.6641)
            ( 0.0000, 0.0000, -0.4570, -0.8083)
            ( 2.2400, 0.6229, -3.2724,  1.0000)>
MESH
4Story_Mat.006
<Matrix 4x4 (-0.4570, 0.0000, -0.0000,  0.5057)
            (-0.0000, 0.4570,  0.0000,  1.0636)
            ( 0.0000, 0.0000, -0.4570, -0.5289)
            (-0.2812, 0.6224, -2.9645,  1.0000)>
MESH
Building1_Large.001
<Matrix 4x4 ( 0.4570, 0.0000,  0.0000,  1.6692)
            ( 0.0000, 0.4570, -0.0000,  0.9757)
            (-0.0000, 0.0000,  0.4570, -0.5731)
            (-2.4696, 0.6215,  0.5108,  1.0000)>
MESH
Building3_Big.001
<Matrix 4x4 ( 0.4570, 0.0000,  0.0000,  0.9828)
            ( 0.0000, 0.4570, -0.0000,  1.1859)
            (-0.0000, 0.0000,  0.4570, -0.9171)
            ( 4.2920, 0.6345,  0.8004,  1.0000)>
MESH
6Story_Stack_Mat.009
<Matrix 4x4 ( 0.4570, 0.0000,  0.0000,  0.4509)
            ( 0.0000, 0.4570, -0.0000,  1.6299)
            (-0.0000, 0.0000,  0.4570, -0.5219)
            ( 6.4831, 0.6288,  0.4539,  1.0000)>
MESH
1Story_Sign_Mat.018
<Matrix 4x4 ( 0.4570, 0.0000,  0.0000,  0.4500)
            ( 0.0000, 0.4570, -0.0000,  0.3747)
            (-0.0000, 0.0000,  0.4570, -0.4500)
            ( 0.4618, 0.6298,  0.4457,  1.0000)>
MESH
2Story_2_Mat.003
<Matrix 4x4 ( 0.5805, 0.0000,  0.0000,  0.7274)
            ( 0.0000, 0.4536, -0.0000,  0.5684)
            (-0.0000, 0.0000,  0.5762, -0.7220)
            ( 2.1910, 0.6226,  0.4596,  1.0000)>
MESH
Street_4Way_2
<Matrix 4x4 ( 1.1666, 0.0000,  0.0000,  2.7221)
            ( 0.0000, 1.1666, -0.0000,  0.3403)
            ( 0.0000, 0.0000,  1.1666, -2.7222)
            (-7.3643, 0.4572, 15.6329,  1.0000)>
MESH
Street_4Way_2.001
<Matrix 4x4 (1.1666, 0.0000,  0.0000,  2.7221)
            (0.0000, 1.1666, -0.0000,  0.3403)
            (0.0000, 0.0000,  1.1666, -2.7222)
            (9.5284, 0.4572, 15.6329,  1.0000)>
MESH
Street_4Way_2.002
<Matrix 4x4 (1.1666, 0.0000,   0.0000,  2.7221)
            (0.0000, 1.1666,  -0.0000,  0.3403)
            (0.0000, 0.0000,   1.1666, -2.7222)
            (9.4759, 0.4572, -18.1750,  1.0000)>
MESH
Street_4Way_2.003
<Matrix 4x4 ( 1.1666, 0.0000,   0.0000,  2.7221)
            ( 0.0000, 1.1666,  -0.0000,  0.3403)
            ( 0.0000, 0.0000,   1.1666, -2.7222)
            (-7.4429, 0.4572, -18.1525,  1.0000)>
MESH
Street_Deadend
<Matrix 4x4 ( 1.1666, 0.0000,  0.0000,  2.7221)
            ( 0.0000, 1.1666, -0.0000,  0.3403)
            ( 0.0000, 0.0000,  1.1666, -2.7221)
            (11.8772, 0.4614, 15.6372,  1.0000)>
MESH
Street_Deadend.001
<Matrix 4x4 (-0.0076, 0.0000,  1.1666,  2.7221)
            ( 0.0000, 1.1666,  0.0000,  0.3403)
            (-1.1666, 0.0000, -0.0076, -2.7221)
            ( 9.5182, 0.4614, 17.9875,  1.0000)>
MESH
Street_Deadend.002
<Matrix 4x4 (-1.1665, 0.0000,  0.0177,  2.7221)
            ( 0.0000, 1.1666,  0.0000,  0.3403)
            (-0.0177, 0.0000, -1.1665, -2.7221)
            (-9.7150, 0.4614, 15.6510,  1.0000)>
MESH
Street_Deadend.003
<Matrix 4x4 ( 0.0053, 0.0000,  1.1666,  2.7221)
            ( 0.0000, 1.1666, -0.0000,  0.3403)
            (-1.1666, 0.0000,  0.0053, -2.7221)
            (-7.3596, 0.4614, 17.9816,  1.0000)>
MESH
Street_Deadend.004
<Matrix 4x4 (-1.1666, 0.0000,   0.0094,  2.7221)
            ( 0.0000, 1.1666,   0.0000,  0.3403)
            (-0.0094, 0.0000,  -1.1666, -2.7221)
            (-9.7954, 0.4614, -18.1381,  1.0000)>
MESH
Street_Deadend.005
<Matrix 4x4 ( 0.0027, 0.0000,  -1.1666,  2.7221)
            (-0.0000, 1.1666,  -0.0000,  0.3403)
            ( 1.1666, 0.0000,   0.0027, -2.7221)
            (-7.4462, 0.4614, -20.5019,  1.0000)>
MESH
Street_Deadend.006
<Matrix 4x4 ( 0.0027, 0.0000,  -1.1666,  2.7221)
            (-0.0000, 1.1666,  -0.0000,  0.3403)
            ( 1.1666, 0.0000,   0.0027, -2.7221)
            ( 9.4729, 0.4614, -20.5239,  1.0000)>
MESH
Street_Deadend.007
<Matrix 4x4 ( 1.1666, 0.0000,  -0.0020,  2.7221)
            (-0.0000, 1.1666,  -0.0000,  0.3403)
            ( 0.0020, 0.0000,   1.1666, -2.7221)
            (11.8213, 0.4614, -18.1774,  1.0000)>
LIGHT
Point
<Matrix 4x4 (20.0000,  0.0000,   0.0000, 0.0000)
            ( 0.5000,  0.4309,   0.1606, 0.0000)
            ( 0.0000, -1.0000,   0.0000, 0.0000)
            ( 8.6978,  1.4190, -17.2769, 1.0000)>
LIGHT
Point.001
<Matrix 4x4 (20.0000,  0.0000,   0.0000, 0.0000)
            ( 0.5000,  0.4309,   0.1606, 0.0000)
            ( 0.0000, -1.0000,   0.0000, 0.0000)
            ( 8.6978,  1.4174, -17.4618, 1.0000)>
LIGHT
Point.002
<Matrix 4x4 (20.0000,  0.0000,   0.0000, 0.0000)
            ( 0.5000,  0.4309,   0.1606, 0.0000)
            ( 0.0000, -1.0000,   0.0000, 0.0000)
            (-6.5797,  1.4142, -17.4618, 1.0000)>
LIGHT
Point.003
<Matrix 4x4 (20.0000,  0.0000,   0.0000, 0.0000)
            ( 0.5000,  0.4309,   0.1606, 0.0000)
            ( 0.0000, -1.0000,   0.0000, 0.0000)
            (-6.5797,  1.4163, -17.2664, 1.0000)>
LIGHT
Point.004
<Matrix 4x4 (20.0000,  0.0000,  0.0000, 0.0000)
            ( 0.5000,  0.4309,  0.1606, 0.0000)
            ( 0.0000, -1.0000,  0.0000, 0.0000)
            (-6.8432,  1.4084, -2.0314, 1.0000)>
LIGHT
Point.005
<Matrix 4x4 (20.0000,  0.0000,  0.0000, 0.0000)
            ( 0.5000,  0.4309,  0.1606, 0.0000)
            ( 0.0000, -1.0000,  0.0000, 0.0000)
            (-6.8432,  1.4129, -1.8390, 1.0000)>
LIGHT
Point.006
<Matrix 4x4 (20.0000,  0.0000,  0.0000, 0.0000)
            ( 0.5000,  0.4309,  0.1606, 0.0000)
            ( 0.0000, -1.0000,  0.0000, 0.0000)
            (-6.8465,  1.4138, -0.5408, 1.0000)>
LIGHT
Point.007
<Matrix 4x4 (20.0000,  0.0000,  0.0000, 0.0000)
            ( 0.5000,  0.4309,  0.1606, 0.0000)
            ( 0.0000, -1.0000,  0.0000, 0.0000)
            (-6.8465,  1.4159, -0.3531, 1.0000)>
LIGHT
Point.008
<Matrix 4x4 (20.0000,  0.0000,  0.0000, 0.0000)
            ( 0.5000,  0.4309,  0.1606, 0.0000)
            ( 0.0000, -1.0000,  0.0000, 0.0000)
            (-6.5679,  1.4143, 14.8021, 1.0000)>
LIGHT
Point.009
<Matrix 4x4 (20.0000,  0.0000,  0.0000, 0.0000)
            ( 0.5000,  0.4309,  0.1606, 0.0000)
            ( 0.0000, -1.0000,  0.0000, 0.0000)
            (-6.5679,  1.4174, 14.9884, 1.0000)>
LIGHT
Point.010
<Matrix 4x4 (20.0000,  0.0000,  0.0000, 0.0000)
            ( 0.5000,  0.4309,  0.1606, 0.0000)
            ( 0.0000, -1.0000,  0.0000, 0.0000)
            ( 8.6938,  1.4145, 14.9401, 1.0000)>
LIGHT
Point.011
<Matrix 4x4 (20.0000,  0.0000,  0.0000, 0.0000)
            ( 0.5000,  0.4309,  0.1606, 0.0000)
            ( 0.0000, -1.0000,  0.0000, 0.0000)
            ( 8.6938,  1.4191, 14.7433, 1.0000)>
LIGHT
Point.012
<Matrix 4x4 (20.0000,  0.0000,  0.0000, 0.0000)
            ( 0.5000,  0.4309,  0.1606, 0.0000)
            ( 0.0000, -1.0000,  0.0000, 0.0000)
            ( 8.7941,  1.4129, -0.5631, 1.0000)>
LIGHT
Point.013
<Matrix 4x4 (20.0000,  0.0000,  0.0000, 0.0000)
            ( 0.5000,  0.4309,  0.1606, 0.0000)
            ( 0.0000, -1.0000,  0.0000, 0.0000)
            ( 8.7941,  1.4163, -0.7530, 1.0000)>
LIGHT
Point.014
<Matrix 4x4 (20.0000,  0.0000,  0.0000, 0.0000)
            ( 0.5000,  0.4309,  0.1606, 0.0000)
            ( 0.0000, -1.0000,  0.0000, 0.0000)
            ( 8.7941,  1.4170, -1.8546, 1.0000)>
LIGHT
Point.015
<Matrix 4x4 (20.0000,  0.0000,  0.0000, 0.0000)
            ( 0.5000,  0.4309,  0.1606, 0.0000)
            ( 0.0000, -1.0000,  0.0000, 0.0000)
            ( 8.7941,  1.4172, -2.0384, 1.0000)>
